A-n44-k6.txt
Algorytm mrówkowy
Najlepszy koszt: 1029,321821651139/937
x0,09852915864582613
Najlepsza ścieżka:
 0 31 8 15 28 27 19 24 0 22 36 9 38 14 41 2 4 0 7 5 21 32 42 37 11 10 26 0 12 17 34 39 25 3 6 0 13 43 29 40 23 30 0 1 35 18 20 16 33 0 0 0 0 0 0 0 0 0 0 0 0 0 0 0 0 0 0 0 0 0 0 0 0 0 0 0 0 0 0 0 0 0 0 0 0 0 0 0Czas wykonania algorytmu jednowątkowego: 8417 ms

A-n55-k9.txt
Algorytm mrówkowy
Najlepszy koszt: 1265,4172468421943/1073
x0,17932641830586613
Najlepsza ścieżka:
 0 36 8 21 12 32 10 5 40 0 45 1 6 43 0 30 22 19 27 13 54 28 0 4 7 31 42 20 46 14 17 0 15 11 2 51 26 0 37 3 34 33 16 38 0 25 41 29 18 48 50 44 0 53 47 39 49 9 35 0 24 52 23 0 0 0 0 0 0 0 0 0 0 0 0 0 0 0 0 0 0 0 0 0 0 0 0 0 0 0 0 0 0 0 0 0 0 0 0 0 0 0 0 0 0 0 0 0 0 0Czas wykonania algorytmu jednowątkowego: 14013 ms

A-n63-k10.txt
Algorytm mrówkowy
Najlepszy koszt: 1583,837743011864/1314
x0,20535596880659357
Najlepsza ścieżka:
 0 48 36 52 30 4 50 29 0 17 62 31 24 23 61 21 7 0 8 27 35 6 12 41 45 0 43 59 10 18 5 19 42 3 39 49 0 20 13 26 28 57 44 0 40 56 25 15 53 14 0 38 32 34 11 47 51 58 22 0 1 9 2 54 60 37 0 46 16 0 55 33 0 0 0 0 0 0 0 0 0 0 0 0 0 0 0 0 0 0 0 0 0 0 0 0 0 0 0 0 0 0 0 0 0 0 0 0 0 0 0 0 0 0 0 0 0 0 0 0 0 0 0 0 0 0Czas wykonania algorytmu jednowątkowego: 23110 ms

A-n69-k9.txt
Algorytm mrówkowy
Najlepszy koszt: 1344,8254715604846/1159
x0,16033258978471496
Najlepsza ścieżka:
 0 19 24 43 52 26 54 5 46 0 28 34 14 42 57 11 63 37 16 1 10 0 31 18 53 2 64 61 21 67 0 66 58 22 12 29 40 38 8 59 0 68 41 20 45 35 13 44 15 30 0 7 27 65 55 60 4 47 25 0 49 33 9 23 6 3 51 0 17 32 36 48 50 0 62 56 39 0 0 0 0 0 0 0 0 0 0 0 0 0 0 0 0 0 0 0 0 0 0 0 0 0 0 0 0 0 0 0 0 0 0 0 0 0 0 0 0 0 0 0 0 0 0 0 0 0 0 0 0 0 0 0 0 0 0 0 0 0Czas wykonania algorytmu jednowątkowego: 30873 ms

A-n80-k10.txt
Algorytm mrówkowy
Najlepszy koszt: 2083,2815190194515/1763
x0,18166847363553687
Najlepsza ścieżka:
 0 49 73 36 53 66 67 70 58 50 32 72 33 0 40 21 1 7 10 71 14 0 18 48 79 28 52 34 11 0 13 42 51 77 3 29 31 17 27 0 62 23 12 44 5 59 30 0 60 39 74 64 15 55 9 54 0 47 56 69 65 35 26 19 75 20 57 43 16 68 78 0 63 24 6 8 37 2 0 38 76 45 22 4 0 61 46 25 41 0 0 0 0 0 0 0 0 0 0 0 0 0 0 0 0 0 0 0 0 0 0 0 0 0 0 0 0 0 0 0 0 0 0 0 0 0 0 0 0 0 0 0 0 0 0 0 0 0 0 0 0 0 0 0 0 0 0 0 0 0 0 0 0 0 0 0 0 0 0 0Czas wykonania algorytmu jednowątkowego: 48630 ms